1 0.5020833333333333 0.6027777777777777 0.06041666666666667 0.12222222222222222
0 0.4395833333333333 0.49166666666666664 0.035416666666666666 0.05925925925925926
0 0.4484375 0.44814814814814813 0.03125 0.06111111111111111
3 0.6614583333333334 0.587037037037037 0.027083333333333334 0.1037037037037037
0 0.5640625 0.4222222222222222 0.034375 0.04814814814814815
0 0.36822916666666666 0.49722222222222223 0.029166666666666667 0.07037037037037037
0 0.5119791666666667 0.5574074074074075 0.04479166666666667 0.08518518518518518
3 0.5411458333333333 0.5231481481481481 0.03958333333333333 0.07407407407407407
0 0.5645833333333333 0.6416666666666667 0.042708333333333334 0.10555555555555556
0 0.6666666666666666 0.6444444444444445 0.041666666666666664 0.1111111111111111
0 0.4453125 0.45555555555555555 0.029166666666666667 0.05740740740740741
